0.0	0.19995
1.0	0.032582
2.0	0.056524
3.0	0.18944
4.0	0.046331
5.0	0.096995
6.0	0.1915
7.0	0.14886
8.0	0.10801
9.0	0.14799
10.0	0.15199
11.0	0.13173
12.0	0.063128
13.0	0.16088
14.0	0.10393
15.0	0.033714
16.0	0.095106
17.0	0.078463
18.0	0.044334
19.0	0.042638
20.0	0.006067
21.0	0.066708
22.0	0.03883
23.0	0.18874
24.0	0.11599
25.0	0.17966
26.0	0.13311
27.0	0.099722
28.0	0.11213
29.0	0.036457
30.0	0.059305
31.0	0.023482
32.0	0.012584
33.0	0.12963
34.0	0.14508
35.0	0.12743
36.0	0.14278
37.0	0.019915
38.0	0.13985
39.0	0.021562
40.0	0.025849
41.0	0.10048
42.0	0.041556
43.0	0.057782
44.0	0.016635
45.0	0.025625
46.0	0.10947
47.0	0.016464
48.0	0.058428
49.0	0.17832
50.0	0.045424
51.0	0.086369
52.0	0.028147
53.0	0.080078
54.0	0.13739
55.0	0.034134
56.0	0.088164
57.0	0.0090673
58.0	0.062259
59.0	0.10124
60.0	0.036482
61.0	0.10221
62.0	0.14816
63.0	0.073198
64.0	0.032162
65.0	0.092021
66.0	0.12557
67.0	0.13552
68.0	0.13964
69.0	0.095707
70.0	0.018022
71.0	0.067746
72.0	0.019043
73.0	0.087309
74.0	0.094938
75.0	0.083866
76.0	0.15557
77.0	0.12517
78.0	0.19694
79.0	0.076686
80.0	0.1734
81.0	0.046468
82.0	0.19084
83.0	0.25352
84.0	0.24392
85.0	0.40903
86.0	0.51327
87.0	0.63784
88.0	0.93073
89.0	1.0567
90.0	1.0993
91.0	1.1064
92.0	0.86887
93.0	0.67458
94.0	0.54177
95.0	0.33784
96.0	0.23448
97.0	0.17647
98.0	0.13707
99.0	0.14174
100.0	0.1377
101.0	0.089741
102.0	0.11226
103.0	0.14369
104.0	0.12856
105.0	0.13718
106.0	0.019237
107.0	0.024588
108.0	0.0114
109.0	0.16401
110.0	0.025108
111.0	0.063149
112.0	0.036113
113.0	0.028445
114.0	0.13289
115.0	0.13704
116.0	0.0382
117.0	0.087269
118.0	0.19289
119.0	0.17363
120.0	0.026176
121.0	0.096888
122.0	0.074931
123.0	0.1801
124.0	0.035731
125.0	0.13593
126.0	0.12457
127.0	0.19673
128.0	0.088143
129.0	0.16095
130.0	0.19897
131.0	0.10831
132.0	0.051181
133.0	0.12779
134.0	0.11518
135.0	0.051744
136.0	0.038319
137.0	0.089133
138.0	0.029853
139.0	0.19934
140.0	0.024352
141.0	0.13031
142.0	0.005559
143.0	0.077996
144.0	0.16558
145.0	0.056763
146.0	0.12204
147.0	0.047283
148.0	0.082164
149.0	0.13554
150.0	0.16943
151.0	0.12985
152.0	0.016277
153.0	0.024166
154.0	0.09584
155.0	0.15558
156.0	0.094396
157.0	0.18867
158.0	0.19616
159.0	0.066911
160.0	0.040534
161.0	0.068568
162.0	0.13071
163.0	0.13655
164.0	0.12199
165.0	0.019985
166.0	0.15325
167.0	0.14712
168.0	0.048228
169.0	0.052636
170.0	0.19217
171.0	0.084679
172.0	0.067212
173.0	4.99e-05
174.0	0.17377
175.0	0.00075063
176.0	0.033169
177.0	0.0023642
178.0	0.12129
179.0	0.14599
180.0	0.12276
181.0	0.19315
182.0	0.09942
183.0	0.10598
184.0	0.092322
185.0	0.14261
186.0	0.11599
187.0	0.13656
188.0	0.19078
189.0	0.004731
190.0	0.056022
191.0	0.17391
192.0	0.059867
193.0	0.063911
194.0	0.06019
195.0	0.18822
196.0	0.16963
197.0	0.15067
198.0	0.10765
199.0	0.081696
200.0	0.042474
201.0	0.015228
202.0	0.057987
203.0	0.0039564
204.0	0.04825
205.0	0.076924
206.0	0.090981
207.0	0.074797
208.0	0.088038
209.0	0.023579
210.0	0.16109
211.0	0.032979
212.0	0.056506
213.0	0.034537
214.0	0.18717
215.0	0.13619
216.0	0.026739
217.0	0.050952
218.0	0.079889
219.0	0.073847
220.0	0.14527
221.0	0.055567
222.0	0.13871
223.0	0.10007
224.0	0.023681
225.0	0.030261
226.0	0.13629
227.0	0.14413
228.0	0.19593
229.0	0.13936
230.0	0.11144
231.0	0.13616
232.0	0.19107
233.0	0.11964
234.0	0.15409
235.0	0.18272
236.0	0.13179
237.0	0.13419
238.0	0.11564
239.0	0.19061
240.0	0.032585
241.0	0.067011
242.0	0.19036
243.0	0.021932
244.0	0.12386
245.0	0.19136
246.0	0.19705
247.0	0.014148
248.0	0.10047
249.0	0.13614
250.0	0.11066
251.0	0.1174
252.0	0.13832
253.0	0.09253
254.0	0.11485
255.0	0.014578
